{
  "scene_name": "fZcNop_Aenw_88573338",
  "video_path": "static/datasets/example/fZcNop_Aenw_88573338-left_rectified.mp4",
  "num_video_frames": 199,
  "frames": [
    {
      "frame_idx": 0,
      "w2c": [
        [
          0.9995184540748596,
          -0.03069964423775673,
          -0.004502670373767614,
          0.009521528119313987
        ],
        [
          0.03070182539522648,
          0.9995285272598267,
          0.0004166476719547063,
          -0.03416278350428966
        ],
        [
          0.0044877552427351475,
          -0.0005546872853301466,
          0.9999897480010986,
          -0.018938796671668895
        ],
        [
          0.0,
          0.0,
          0.0,
          1.0
        ]
      ],
      "fx": 443.4050067376326,
      "fy": 443.4050067376326,
      "cx": 256.0,
      "cy": 256.0,
      "h": 512,
      "w": 512
    },
    {
      "frame_idx": 1,
      "w2c": [
        [
          0.9995279908180237,
          -0.030466441065073013,
          -0.00393610168248415,
          0.014402866610163323
        ],
        [
          0.030476419255137444,
          0.9995323419570923,
          0.002501649782061577,
          -0.0314482109654102
        ],
        [
          0.0038580417167395353,
          -0.002620427403599024,
          0.9999890923500061,
          -0.03965046646074147
        ],
        [
          0.0,
          0.0,
          0.0,
          1.0
        ]
      ],
      "fx": 443.4050067376326,
      "fy": 443.4050067376326,
      "cx": 256.0,
      "cy": 256.0,
      "h": 512,
      "w": 512
    },
    {
      "frame_idx": 2,
      "w2c": [
        [
          0.9995930790901184,
          -0.028310617431998253,
          -0.0034797845873981714,
          0.020135647751200064
        ],
        [
          0.028325075283646584,
          0.9995900392532349,
          0.004179003648459911,
          -0.030942056006806624
        ],
        [
          0.003360047470778227,
          -0.004275868181139231,
          0.9999851584434509,
          -0.059519749647590756
        ],
        [
          0.0,
          0.0,
          0.0,
          1.0
        ]
      ],
      "fx": 443.4050067376326,
      "fy": 443.4050067376326,
      "cx": 256.0,
      "cy": 256.0,
      "h": 512,
      "w": 512
    },
    {
      "frame_idx": 3,
      "w2c": [
        [
          0.9995778203010559,
          -0.029052548110485077,
          -1.529344626760576e-05,
          0.02455802021244164
        ],
        [
          0.02905218116939068,
          0.9995624423027039,
          0.005553540773689747,
          -0.027944601168767066
        ],
        [
          -0.00014605853357352316,
          -0.005551640409976244,
          0.9999845027923584,
          -0.07751671073523878
        ],
        [
          0.0,
          0.0,
          0.0,
          1.0
        ]
      ],
      "fx": 443.4050067376326,
      "fy": 443.4050067376326,
      "cx": 256.0,
      "cy": 256.0,
      "h": 512,
      "w": 512
    },
    {
      "frame_idx": 4,
      "w2c": [
        [
          0.9995786547660828,
          -0.028978371992707253,
          0.0016506315441802144,
          0.027768715094043515
        ],
        [
          0.028967082500457764,
          0.9995592832565308,
          0.006495531182736158,
          -0.025951589298327835
        ],
        [
          -0.0018381329718977213,
          -0.006444980390369892,
          0.9999774694442749,
          -0.09513369081179336
        ],
        [
          0.0,
          0.0,
          0.0,
          1.0
        ]
      ],
      "fx": 443.4050067376326,
      "fy": 443.4050067376326,
      "cx": 256.0,
      "cy": 256.0,
      "h": 512,
      "w": 512
    },
    {
      "frame_idx": 5,
      "w2c": [
        [
          0.9995613098144531,
          -0.029585089534521103,
          0.0013696530368179083,
          0.032766196337461286
        ],
        [
          0.029574640095233917,
          0.9995372891426086,
          0.007110141683369875,
          -0.024367801095692854
        ],
        [
          -0.0015793729107826948,
          -0.007066515274345875,
          0.9999737739562988,
          -0.11341748390370818
        ],
        [
          0.0,
          0.0,
          0.0,
          1.0
        ]
      ],
      "fx": 443.4050067376326,
      "fy": 443.4050067376326,
      "cx": 256.0,
      "cy": 256.0,
      "h": 512,
      "w": 512
    },
    {
      "frame_idx": 6,
      "w2c": [
        [
          0.9996345639228821,
          -0.02693270891904831,
          0.002300622407346964,
          0.03566542855309169
        ],
        [
          0.026913227513432503,
          0.9996048808097839,
          0.008115523494780064,
          -0.02467610795543207
        ],
        [
          -0.0025182871613651514,
          -0.008050640113651752,
          0.9999644160270691,
          -0.12892064503852477
        ],
        [
          0.0,
          0.0,
          0.0,
          1.0
        ]
      ],
      "fx": 443.4050067376326,
      "fy": 443.4050067376326,
      "cx": 256.0,
      "cy": 256.0,
      "h": 512,
      "w": 512
    },
    {
      "frame_idx": 7,
      "w2c": [
        [
          0.9995037317276001,
          -0.030958883464336395,
          0.005807689856737852,
          0.038834901467489934
        ],
        [
          0.03090556710958481,
          0.9994812607765198,
          0.009055722504854202,
          -0.023140425042167956
        ],
        [
          -0.006085033528506756,
          -0.00887173879891634,
          0.9999421238899231,
          -0.14470717069705202
        ],
        [
          0.0,
          0.0,
          0.0,
          1.0
        ]
      ],
      "fx": 443.4050067376326,
      "fy": 443.4050067376326,
      "cx": 256.0,
      "cy": 256.0,
      "h": 512,
      "w": 512
    },
    {
      "frame_idx": 8,
      "w2c": [
        [
          0.999581515789032,
          -0.028736326843500137,
          0.0033082945737987757,
          0.04174105570231067
        ],
        [
          0.028705758973956108,
          0.9995479583740234,
          0.00894270371645689,
          -0.022563543953310443
        ],
        [
          -0.0035637805704027414,
          -0.008843994699418545,
          0.9999545216560364,
          -0.16095894357981405
        ],
        [
          0.0,
          0.0,
          0.0,
          1.0
        ]
      ],
      "fx": 443.4050067376326,
      "fy": 443.4050067376326,
      "cx": 256.0,
      "cy": 256.0,
      "h": 512,
      "w": 512
    },
    {
      "frame_idx": 9,
      "w2c": [
        [
          0.9995958805084229,
          -0.028072107583284378,
          0.0044627259485423565,
          0.044362603579526046
        ],
        [
          0.028028640896081924,
          0.9995617866516113,
          0.00951987411826849,
          -0.024066987096671585
        ],
        [
          -0.004728013649582863,
          -0.009390942752361298,
          0.9999446868896484,
          -0.1759473926708245
        ],
        [
          0.0,
          0.0,
          0.0,
          1.0
        ]
      ],
      "fx": 443.4050067376326,
      "fy": 443.4050067376326,
      "cx": 256.0,
      "cy": 256.0,
      "h": 512,
      "w": 512
    },
    {
      "frame_idx": 10,
      "w2c": [
        [
          0.9995253682136536,
          -0.03024204634130001,
          0.005874810740351677,
          0.04689940852587516
        ],
        [
          0.030186552554368973,
          0.9995009303092957,
          0.009315569885075092,
          -0.022448512258862074
        ],
        [
          -0.006153599359095097,
          -0.009133807383477688,
          0.9999393224716187,
          -0.1907306646905412
        ],
        [
          0.0,
          0.0,
          0.0,
          1.0
        ]
      ],
      "fx": 443.4050067376326,
      "fy": 443.4050067376326,
      "cx": 256.0,
      "cy": 256.0,
      "h": 512,
      "w": 512
    },
    {
      "frame_idx": 11,
      "w2c": [
        [
          0.9995929598808289,
          -0.0279903095215559,
          0.005512344650924206,
          0.04975233206191153
        ],
        [
          0.027935171499848366,
          0.9995613098144531,
          0.0098379235714674,
          -0.024172055872805014
        ],
        [
          -0.0057852924801409245,
          -0.009679931215941906,
          0.9999363422393799,
          -0.20423691915108144
        ],
        [
          0.0,
          0.0,
          0.0,
          1.0
        ]
      ],
      "fx": 443.4050067376326,
      "fy": 443.4050067376326,
      "cx": 256.0,
      "cy": 256.0,
      "h": 512,
      "w": 512
    },
    {
      "frame_idx": 12,
      "w2c": [
        [
          0.9995717406272888,
          -0.02807464450597763,
          0.00825080182403326,
          0.0514351309475366
        ],
        [
          0.02798483520746231,
          0.9995499849319458,
          0.010805265046656132,
          -0.024953226710011406
        ],
        [
          -0.00855044275522232,
          -0.0105697400867939,
          0.9999075531959534,
          -0.21684852160863324
        ],
        [
          0.0,
          0.0,
          0.0,
          1.0
        ]
      ],
      "fx": 443.4050067376326,
      "fy": 443.4050067376326,
      "cx": 256.0,
      "cy": 256.0,
      "h": 512,
      "w": 512
    },
    {
      "frame_idx": 13,
      "w2c": [
        [
          0.9995366334915161,
          -0.028248712420463562,
          0.011334437876939774,
          0.0528067441953628
        ],
        [
          0.028118792921304703,
          0.9995388984680176,
          0.01146259717643261,
          -0.025177149176969463
        ],
        [
          -0.01165301539003849,
          -0.01113857515156269,
          0.9998700022697449,
          -0.2293888188692642
        ],
        [
          0.0,
          0.0,
          0.0,
          1.0
        ]
      ],
      "fx": 443.4050067376326,
      "fy": 443.4050067376326,
      "cx": 256.0,
      "cy": 256.0,
      "h": 512,
      "w": 512
    },
    {
      "frame_idx": 14,
      "w2c": [
        [
          0.999536395072937,
          -0.025847163051366806,
          0.016092101112008095,
          0.054342427154307635
        ],
        [
          0.025647597387433052,
          0.9995930790901184,
          0.012486944906413555,
          -0.02886826696602606
        ],
        [
          -0.016408303752541542,
          -0.01206843089312315,
          0.9997925162315369,
          -0.2415300426613896
        ],
        [
          0.0,
          0.0,
          0.0,
          1.0
        ]
      ],
      "fx": 443.4050067376326,
      "fy": 443.4050067376326,
      "cx": 256.0,
      "cy": 256.0,
      "h": 512,
      "w": 512
    },
    {
      "frame_idx": 15,
      "w2c": [
        [
          0.9994058609008789,
          -0.026046758517622948,
          0.022572871297597885,
          0.054717311561017376
        ],
        [
          0.025753244757652283,
          0.9995812177658081,
          0.013197693973779678,
          -0.02934240367943375
        ],
        [
          -0.02290717512369156,
          -0.012608527205884457,
          0.9996580481529236,
          -0.25411391367080094
        ],
        [
          0.0,
          0.0,
          0.0,
          1.0
        ]
      ],
      "fx": 443.4050067376326,
      "fy": 443.4050067376326,
      "cx": 256.0,
      "cy": 256.0,
      "h": 512,
      "w": 512
    },
    {
      "frame_idx": 16,
      "w2c": [
        [
          0.9993347525596619,
          -0.025215988978743553,
          0.026346443220973015,
          0.05430051999971433
        ],
        [
          0.02487773448228836,
          0.9996048808097839,
          0.013088456355035305,
          -0.030327755679475182
        ],
        [
          -0.026666071265935898,
          -0.012424308806657791,
          0.9995671510696411,
          -0.26658311096526716
        ],
        [
          0.0,
          0.0,
          0.0,
          1.0
        ]
      ],
      "fx": 443.4050067376326,
      "fy": 443.4050067376326,
      "cx": 256.0,
      "cy": 256.0,
      "h": 512,
      "w": 512
    },
    {
      "frame_idx": 17,
      "w2c": [
        [
          0.9992225766181946,
          -0.024923963472247124,
          0.030544716864824295,
          0.05440867802682707
        ],
        [
          0.02451314777135849,
          0.9996050000190735,
          0.013750874437391758,
          -0.03228266988907316
        ],
        [
          -0.030875377357006073,
          -0.012991436757147312,
          0.9994387626647949,
          -0.27824418990247896
        ],
        [
          0.0,
          0.0,
          0.0,
          1.0
        ]
      ],
      "fx": 443.4050067376326,
      "fy": 443.4050067376326,
      "cx": 256.0,
      "cy": 256.0,
      "h": 512,
      "w": 512
    },
    {
      "frame_idx": 18,
      "w2c": [
        [
          0.9989901781082153,
          -0.023207426071166992,
          0.03847062587738037,
          0.05285062497498849
        ],
        [
          0.022672809660434723,
          0.9996410608291626,
          0.01427522487938404,
          -0.03636299651982816
        ],
        [
          -0.03878810629248619,
          -0.013388572260737419,
          0.999157726764679,
          -0.2918827992330339
        ],
        [
          0.0,
          0.0,
          0.0,
          1.0
        ]
      ],
      "fx": 443.4050067376326,
      "fy": 443.4050067376326,
      "cx": 256.0,
      "cy": 256.0,
      "h": 512,
      "w": 512
    },
    {
      "frame_idx": 19,
      "w2c": [
        [
          0.9986892938613892,
          -0.023855071514844894,
          0.04528329521417618,
          0.05043631558193716
        ],
        [
          0.023250939324498177,
          0.9996341466903687,
          0.013821392320096493,
          -0.03661838255315951
        ],
        [
          -0.04559643194079399,
          -0.012750396504998207,
          0.998878538608551,
          -0.3047623894263635
        ],
        [
          0.0,
          0.0,
          0.0,
          1.0
        ]
      ],
      "fx": 443.4050067376326,
      "fy": 443.4050067376326,
      "cx": 256.0,
      "cy": 256.0,
      "h": 512,
      "w": 512
    },
    {
      "frame_idx": 20,
      "w2c": [
        [
          0.9985217452049255,
          -0.021840497851371765,
          0.0497722290456295,
          0.04668912251732443
        ],
        [
          0.02119269222021103,
          0.9996841549873352,
          0.013506276533007622,
          -0.03962226512307079
        ],
        [
          -0.0500514879822731,
          -0.012431503273546696,
          0.9986692070960999,
          -0.3181918601539179
        ],
        [
          0.0,
          0.0,
          0.0,
          1.0
        ]
      ],
      "fx": 443.4050067376326,
      "fy": 443.4050067376326,
      "cx": 256.0,
      "cy": 256.0,
      "h": 512,
      "w": 512
    },
    {
      "frame_idx": 21,
      "w2c": [
        [
          0.9982568621635437,
          -0.02256397157907486,
          0.054535433650016785,
          0.04341713051672952
        ],
        [
          0.02185332588851452,
          0.9996687769889832,
          0.013592487201094627,
          -0.04204729143164759
        ],
        [
          -0.05482407286763191,
          -0.012377012521028519,
          0.9984192848205566,
          -0.3316067070767196
        ],
        [
          0.0,
          0.0,
          0.0,
          1.0
        ]
      ],
      "fx": 443.4050067376326,
      "fy": 443.4050067376326,
      "cx": 256.0,
      "cy": 256.0,
      "h": 512,
      "w": 512
    },
    {
      "frame_idx": 22,
      "w2c": [
        [
          0.9978611469268799,
          -0.021507350727915764,
          0.0617288276553154,
          0.039071300292132446
        ],
        [
          0.020651990547776222,
          0.9996821284294128,
          0.014461587183177471,
          -0.045667051292388294
        ],
        [
          -0.06202024593949318,
          -0.013155833818018436,
          0.9979881644248962,
          -0.34527976894056567
        ],
        [
          0.0,
          0.0,
          0.0,
          1.0
        ]
      ],
      "fx": 443.4050067376326,
      "fy": 443.4050067376326,
      "cx": 256.0,
      "cy": 256.0,
      "h": 512,
      "w": 512
    },
    {
      "frame_idx": 23,
      "w2c": [
        [
          0.9971238970756531,
          -0.022790301591157913,
          0.07228047400712967,
          0.033288820106627065
        ],
        [
          0.021742787212133408,
          0.999647319316864,
          0.015246276743710041,
          -0.04879600054842255
        ],
        [
          -0.07260244339704514,
          -0.013630847446620464,
          0.9972677826881409,
          -0.3599492337273495
        ],
        [
          0.0,
          0.0,
          0.0,
          1.0
        ]
      ],
      "fx": 443.4050067376326,
      "fy": 443.4050067376326,
      "cx": 256.0,
      "cy": 256.0,
      "h": 512,
      "w": 512
    },
    {
      "frame_idx": 24,
      "w2c": [
        [
          0.9962939023971558,
          -0.021916279569268227,
          0.08317533880472183,
          0.026406160449766576
        ],
        [
          0.02068249322474003,
          0.9996634125709534,
          0.015666339546442032,
          -0.051290073139711366
        ],
        [
          -0.08349068462848663,
          -0.01388800423592329,
          0.9964118003845215,
          -0.37458451506386875
        ],
        [
          0.0,
          0.0,
          0.0,
          1.0
        ]
      ],
      "fx": 443.4050067376326,
      "fy": 443.4050067376326,
      "cx": 256.0,
      "cy": 256.0,
      "h": 512,
      "w": 512
    },
    {
      "frame_idx": 25,
      "w2c": [
        [
          0.9952449798583984,
          -0.021818948909640312,
          0.09492813050746918,
          0.016949486801061384
        ],
        [
          0.020323779433965683,
          0.9996541738510132,
          0.01668906770646572,
          -0.05378087183275192
        ],
        [
          -0.09525942802429199,
          -0.014680411666631699,
          0.9953441619873047,
          -0.38852018688601875
        ],
        [
          0.0,
          0.0,
          0.0,
          1.0
        ]
      ],
      "fx": 443.4050067376326,
      "fy": 443.4050067376326,
      "cx": 256.0,
      "cy": 256.0,
      "h": 512,
      "w": 512
    },
    {
      "frame_idx": 26,
      "w2c": [
        [
          0.9944738149642944,
          -0.020390400663018227,
          0.10298603028059006,
          0.007075330938664255
        ],
        [
          0.018716532737016678,
          0.9996770024299622,
          0.0171937458217144,
          -0.05630447323484086
        ],
        [
          -0.10330335795879364,
          -0.015171187929809093,
          0.9945341348648071,
          -0.402617168478729
        ],
        [
          0.0,
          0.0,
          0.0,
          1.0
        ]
      ],
      "fx": 443.4050067376326,
      "fy": 443.4050067376326,
      "cx": 256.0,
      "cy": 256.0,
      "h": 512,
      "w": 512
    },
    {
      "frame_idx": 27,
      "w2c": [
        [
          0.9939875602722168,
          -0.018318306654691696,
          0.10794954001903534,
          -0.0024530491574045465
        ],
        [
          0.016665281727910042,
          0.9997299313545227,
          0.01619531959295273,
          -0.05773123798556571
        ],
        [
          -0.10821707546710968,
          -0.014298937283456326,
          0.9940244555473328,
          -0.41687539815544067
        ],
        [
          0.0,
          0.0,
          0.0,
          1.0
        ]
      ],
      "fx": 443.4050067376326,
      "fy": 443.4050067376326,
      "cx": 256.0,
      "cy": 256.0,
      "h": 512,
      "w": 512
    },
    {
      "frame_idx": 28,
      "w2c": [
        [
          0.9937402606010437,
          -0.016228657215833664,
          0.11053039878606796,
          -0.01189820713320397
        ],
        [
          0.014649487100541592,
          0.9997789263725281,
          0.015084429644048214,
          -0.06012384294708802
        ],
        [
          -0.11075076460838318,
          -0.013370790518820286,
          0.9937582612037659,
          -0.4324992030151312
        ],
        [
          0.0,
          0.0,
          0.0,
          1.0
        ]
      ],
      "fx": 443.4050067376326,
      "fy": 443.4050067376326,
      "cx": 256.0,
      "cy": 256.0,
      "h": 512,
      "w": 512
    },
    {
      "frame_idx": 29,
      "w2c": [
        [
          0.9935402274131775,
          -0.015382654964923859,
          0.11243300884962082,
          -0.022112467997795426
        ],
        [
          0.01384059339761734,
          0.9997993111610413,
          0.014483114704489708,
          -0.0623590586727137
        ],
        [
          -0.11263322085142136,
          -0.012833417393267155,
          0.9935536980628967,
          -0.44789670292096556
        ],
        [
          0.0,
          0.0,
          0.0,
          1.0
        ]
      ],
      "fx": 443.4050067376326,
      "fy": 443.4050067376326,
      "cx": 256.0,
      "cy": 256.0,
      "h": 512,
      "w": 512
    },
    {
      "frame_idx": 30,
      "w2c": [
        [
          0.9933457970619202,
          -0.01504384446889162,
          0.11418283730745316,
          -0.032600133153987326
        ],
        [
          0.013378688134253025,
          0.9997929334640503,
          0.015335631556808949,
          -0.0655563026556337
        ],
        [
          -0.11438989639282227,
          -0.013705968856811523,
          0.993341326713562,
          -0.4636606589222687
        ],
        [
          0.0,
          0.0,
          0.0,
          1.0
        ]
      ],
      "fx": 443.4050067376326,
      "fy": 443.4050067376326,
      "cx": 256.0,
      "cy": 256.0,
      "h": 512,
      "w": 512
    },
    {
      "frame_idx": 31,
      "w2c": [
        [
          0.9933110475540161,
          -0.015255269594490528,
          0.1144566535949707,
          -0.04200832754628209
        ],
        [
          0.013486281037330627,
          0.999777615070343,
          0.01621399261057377,
          -0.06789172189458935
        ],
        [
          -0.11467856168746948,
          -0.014561944641172886,
          0.9932959079742432,
          -0.48012738104984315
        ],
        [
          0.0,
          0.0,
          0.0,
          1.0
        ]
      ],
      "fx": 443.4050067376326,
      "fy": 443.4050067376326,
      "cx": 256.0,
      "cy": 256.0,
      "h": 512,
      "w": 512
    },
    {
      "frame_idx": 32,
      "w2c": [
        [
          0.9931847453117371,
          -0.01427694782614708,
          0.11567272245883942,
          -0.05201841174331161
        ],
        [
          0.01233497355133295,
          0.9997710585594177,
          0.017487019300460815,
          -0.07077294545124971
        ],
        [
          -0.11589590460062027,
          -0.015941021963953972,
          0.9931333661079407,
          -0.4955598892560441
        ],
        [
          0.0,
          0.0,
          0.0,
          1.0
        ]
      ],
      "fx": 443.4050067376326,
      "fy": 443.4050067376326,
      "cx": 256.0,
      "cy": 256.0,
      "h": 512,
      "w": 512
    },
    {
      "frame_idx": 33,
      "w2c": [
        [
          0.9928699731826782,
          -0.015160628594458103,
          0.11823412775993347,
          -0.06285691270707547
        ],
        [
          0.012948054820299149,
          0.9997267723083496,
          0.019459325820207596,
          -0.07303190869355469
        ],
        [
          -0.1184968426823616,
          -0.017789680510759354,
          0.9927949905395508,
          -0.5108419060005209
        ],
        [
          0.0,
          0.0,
          0.0,
          1.0
        ]
      ],
      "fx": 443.4050067376326,
      "fy": 443.4050067376326,
      "cx": 256.0,
      "cy": 256.0,
      "h": 512,
      "w": 512
    },
    {
      "frame_idx": 34,
      "w2c": [
        [
          0.992588460445404,
          -0.015989789739251137,
          0.12046728283166885,
          -0.07367851621122978
        ],
        [
          0.013530446216464043,
          0.9996836185455322,
          0.021205401048064232,
          -0.07484385903732257
        ],
        [
          -0.1207682266831398,
          -0.0194182600826025,
          0.9924907684326172,
          -0.5250664076130247
        ],
        [
          0.0,
          0.0,
          0.0,
          1.0
        ]
      ],
      "fx": 443.4050067376326,
      "fy": 443.4050067376326,
      "cx": 256.0,
      "cy": 256.0,
      "h": 512,
      "w": 512
    },
    {
      "frame_idx": 35,
      "w2c": [
        [
          0.9922130107879639,
          -0.015394367277622223,
          0.12359751015901566,
          -0.0864005389382485
        ],
        [
          0.012722405605018139,
          0.9996686577796936,
          0.022378500550985336,
          -0.07719899452143261
        ],
        [
          -0.12390106171369553,
          -0.020631782710552216,
          0.99208003282547,
          -0.538712108707185
        ],
        [
          0.0,
          0.0,
          0.0,
          1.0
        ]
      ],
      "fx": 443.4050067376326,
      "fy": 443.4050067376326,
      "cx": 256.0,
      "cy": 256.0,
      "h": 512,
      "w": 512
    },
    {
      "frame_idx": 36,
      "w2c": [
        [
          0.991923451423645,
          -0.01813592202961445,
          0.12553486227989197,
          -0.09702596409193696
        ],
        [
          0.015281660482287407,
          0.9996032118797302,
          0.023662680760025978,
          -0.07760726893517007
        ],
        [
          -0.12591417133808136,
          -0.02155318483710289,
          0.9918069243431091,
          -0.5503363722139676
        ],
        [
          0.0,
          0.0,
          0.0,
          1.0
        ]
      ],
      "fx": 443.4050067376326,
      "fy": 443.4050067376326,
      "cx": 256.0,
      "cy": 256.0,
      "h": 512,
      "w": 512
    },
    {
      "frame_idx": 37,
      "w2c": [
        [
          0.9919577836990356,
          -0.01765996590256691,
          0.12533098459243774,
          -0.10523369217959341
        ],
        [
          0.014800754375755787,
          0.9996094107627869,
          0.02370796911418438,
          -0.0792179965277339
        ],
        [
          -0.1257007122039795,
          -0.021662309765815735,
          0.9918316006660461,
          -0.5628471457234142
        ],
        [
          0.0,
          0.0,
          0.0,
          1.0
        ]
      ],
      "fx": 443.4050067376326,
      "fy": 443.4050067376326,
      "cx": 256.0,
      "cy": 256.0,
      "h": 512,
      "w": 512
    },
    {
      "frame_idx": 38,
      "w2c": [
        [
          0.9916876554489136,
          -0.018788756802678108,
          0.12728938460350037,
          -0.11364575057245467
        ],
        [
          0.01579231396317482,
          0.9995748996734619,
          0.024508874863386154,
          -0.07998686358260554
        ],
        [
          -0.12769575417041779,
          -0.02229495346546173,
          0.9915627241134644,
          -0.5745075107919629
        ],
        [
          0.0,
          0.0,
          0.0,
          1.0
        ]
      ],
      "fx": 443.4050067376326,
      "fy": 443.4050067376326,
      "cx": 256.0,
      "cy": 256.0,
      "h": 512,
      "w": 512
    },
    {
      "frame_idx": 39,
      "w2c": [
        [
          0.9914351105690002,
          -0.020501548424363136,
          0.12898097932338715,
          -0.12152960959584287
        ],
        [
          0.01736278273165226,
          0.9995262622833252,
          0.025412771850824356,
          -0.08107174501899227
        ],
        [
          -0.12944087386131287,
          -0.022955646738409996,
          0.991321325302124,
          -0.5853390722740498
        ],
        [
          0.0,
          0.0,
          0.0,
          1.0
        ]
      ],
      "fx": 443.4050067376326,
      "fy": 443.4050067376326,
      "cx": 256.0,
      "cy": 256.0,
      "h": 512,
      "w": 512
    },
    {
      "frame_idx": 40,
      "w2c": [
        [
          0.9913443326950073,
          -0.022266948595643044,
          0.1293855905532837,
          -0.1273141582256035
        ],
        [
          0.01914227195084095,
          0.9994955062866211,
          0.025343898683786392,
          -0.08214329576438004
        ],
        [
          -0.12988464534282684,
          -0.0226477961987257,
          0.9912703633308411,
          -0.5967063772514599
        ],
        [
          0.0,
          0.0,
          0.0,
          1.0
        ]
      ],
      "fx": 443.4050067376326,
      "fy": 443.4050067376326,
      "cx": 256.0,
      "cy": 256.0,
      "h": 512,
      "w": 512
    },
    {
      "frame_idx": 41,
      "w2c": [
        [
          0.9913187623023987,
          -0.024463091045618057,
          0.12918438017368317,
          -0.13101020124924595
        ],
        [
          0.0212631244212389,
          0.9994333982467651,
          0.02609212137758732,
          -0.08489349553068581
        ],
        [
          -0.12974947690963745,
          -0.023118745535612106,
          0.9912772178649902,
          -0.6079375942207885
        ],
        [
          0.0,
          0.0,
          0.0,
          1.0
        ]
      ],
      "fx": 443.4050067376326,
      "fy": 443.4050067376326,
      "cx": 256.0,
      "cy": 256.0,
      "h": 512,
      "w": 512
    },
    {
      "frame_idx": 42,
      "w2c": [
        [
          0.9910677671432495,
          -0.02201732248067856,
          0.13152924180030823,
          -0.1380543864057377
        ],
        [
          0.01875089295208454,
          0.9994855523109436,
          0.026021486148238182,
          -0.08769247001575466
        ],
        [
          -0.13203448057174683,
          -0.023322762921452522,
          0.9909706711769104,
          -0.6180228664975056
        ],
        [
          0.0,
          0.0,
          0.0,
          1.0
        ]
      ],
      "fx": 443.4050067376326,
      "fy": 443.4050067376326,
      "cx": 256.0,
      "cy": 256.0,
      "h": 512,
      "w": 512
    },
    {
      "frame_idx": 43,
      "w2c": [
        [
          0.9903205633163452,
          -0.025081239640712738,
          0.13651366531848907,
          -0.146204581366435
        ],
        [
          0.02166885882616043,
          0.999415934085846,
          0.02642567828297615,
          -0.08763770449651784
        ],
        [
          -0.13709673285484314,
          -0.023211799561977386,
          0.9902856349945068,
          -0.6273048611305659
        ],
        [
          0.0,
          0.0,
          0.0,
          1.0
        ]
      ],
      "fx": 443.4050067376326,
      "fy": 443.4050067376326,
      "cx": 256.0,
      "cy": 256.0,
      "h": 512,
      "w": 512
    },
    {
      "frame_idx": 44,
      "w2c": [
        [
          0.9905244708061218,
          -0.025383615866303444,
          0.13496993482112885,
          -0.15007243153304933
        ],
        [
          0.022066740319132805,
          0.9994180202484131,
          0.02601463906466961,
          -0.08945127181827724
        ],
        [
          -0.13555172085762024,
          -0.022789789363741875,
          0.9905081391334534,
          -0.6374280112247657
        ],
        [
          0.0,
          0.0,
          0.0,
          1.0
        ]
      ],
      "fx": 443.4050067376326,
      "fy": 443.4050067376326,
      "cx": 256.0,
      "cy": 256.0,
      "h": 512,
      "w": 512
    },
    {
      "frame_idx": 45,
      "w2c": [
        [
          0.9907033443450928,
          -0.025363946333527565,
          0.13365449011325836,
          -0.15236391209583555
        ],
        [
          0.02211189828813076,
          0.9994235634803772,
          0.025760410353541374,
          -0.09264882298610055
        ],
        [
          -0.134230837225914,
          -0.02256557159125805,
          0.9906930923461914,
          -0.647421188976654
        ],
        [
          0.0,
          0.0,
          0.0,
          1.0
        ]
      ],
      "fx": 443.4050067376326,
      "fy": 443.4050067376326,
      "cx": 256.0,
      "cy": 256.0,
      "h": 512,
      "w": 512
    },
    {
      "frame_idx": 46,
      "w2c": [
        [
          0.9905205965042114,
          -0.026320695877075195,
          0.1348191797733307,
          -0.15710956704941026
        ],
        [
          0.02307739667594433,
          0.9994068145751953,
          0.02556351013481617,
          -0.09531753097467338
        ],
        [
          -0.1354120522737503,
          -0.022209906950592995,
          0.9905403852462769,
          -0.6575711478109758
        ],
        [
          0.0,
          0.0,
          0.0,
          1.0
        ]
      ],
      "fx": 443.4050067376326,
      "fy": 443.4050067376326,
      "cx": 256.0,
      "cy": 256.0,
      "h": 512,
      "w": 512
    },
    {
      "frame_idx": 47,
      "w2c": [
        [
          0.9906677603721619,
          -0.02809063158929348,
          0.13337282836437225,
          -0.15867085273428222
        ],
        [
          0.024880899116396904,
          0.9993607401847839,
          0.025672180578112602,
          -0.09877905054882545
        ],
        [
          -0.1340087205171585,
          -0.022114163264632225,
          0.9907333254814148,
          -0.668655711481152
        ],
        [
          0.0,
          0.0,
          0.0,
          1.0
        ]
      ],
      "fx": 443.4050067376326,
      "fy": 443.4050067376326,
      "cx": 256.0,
      "cy": 256.0,
      "h": 512,
      "w": 512
    },
    {
      "frame_idx": 48,
      "w2c": [
        [
          0.9911907911300659,
          -0.02793460711836815,
          0.12946191430091858,
          -0.15894865858419283
        ],
        [
          0.024916160851716995,
          0.9993799924850464,
          0.024876920506358147,
          -0.1022986961697698
        ],
        [
          -0.1300765722990036,
          -0.02143208123743534,
          0.9912722110748291,
          -0.6795728557833303
        ],
        [
          0.0,
          0.0,
          0.0,
          1.0
        ]
      ],
      "fx": 443.4050067376326,
      "fy": 443.4050067376326,
      "cx": 256.0,
      "cy": 256.0,
      "h": 512,
      "w": 512
    },
    {
      "frame_idx": 49,
      "w2c": [
        [
          0.9913164377212524,
          -0.027604706585407257,
          0.1285678744316101,
          -0.15957707810648647
        ],
        [
          0.0246322862803936,
          0.999392569065094,
          0.02465268224477768,
          -0.106543604900361
        ],
        [
          -0.12917029857635498,
          -0.021271687000989914,
          0.9913942217826843,
          -0.6904814595295953
        ],
        [
          0.0,
          0.0,
          0.0,
          1.0
        ]
      ],
      "fx": 443.4050067376326,
      "fy": 443.4050067376326,
      "cx": 256.0,
      "cy": 256.0,
      "h": 512,
      "w": 512
    },
    {
      "frame_idx": 50,
      "w2c": [
        [
          0.9911463260650635,
          -0.028346428647637367,
          0.1297125369310379,
          -0.1624065637676803
        ],
        [
          0.025388116016983986,
          0.9993797540664673,
          0.024404002353549004,
          -0.10931707305251478
        ],
        [
          -0.1303238570690155,
          -0.02089477889239788,
          0.9912512302398682,
          -0.701654383217001
        ],
        [
          0.0,
          0.0,
          0.0,
          1.0
        ]
      ],
      "fx": 443.4050067376326,
      "fy": 443.4050067376326,
      "cx": 256.0,
      "cy": 256.0,
      "h": 512,
      "w": 512
    },
    {
      "frame_idx": 51,
      "w2c": [
        [
          0.9918821454048157,
          -0.027648145332932472,
          0.12411866337060928,
          -0.1609476971391155
        ],
        [
          0.02480778470635414,
          0.9993951320648193,
          0.024372044950723648,
          -0.11215341441440482
        ],
        [
          -0.12471742182970047,
          -0.02109508588910103,
          0.9919679760932922,
          -0.7127816568716775
        ],
        [
          0.0,
          0.0,
          0.0,
          1.0
        ]
      ],
      "fx": 443.4050067376326,
      "fy": 443.4050067376326,
      "cx": 256.0,
      "cy": 256.0,
      "h": 512,
      "w": 512
    },
    {
      "frame_idx": 52,
      "w2c": [
        [
          0.992500364780426,
          -0.027898510918021202,
          0.11901556700468063,
          -0.15722529620940395
        ],
        [
          0.025162119418382645,
          0.9993847608566284,
          0.0244331993162632,
          -0.11614583559734104
        ],
        [
          -0.11962398141622543,
          -0.02125527337193489,
          0.9925916790962219,
          -0.7243756224234044
        ],
        [
          0.0,
          0.0,
          0.0,
          1.0
        ]
      ],
      "fx": 443.4050067376326,
      "fy": 443.4050067376326,
      "cx": 256.0,
      "cy": 256.0,
      "h": 512,
      "w": 512
    },
    {
      "frame_idx": 53,
      "w2c": [
        [
          0.9928163886070251,
          -0.027201863005757332,
          0.11651434749364853,
          -0.15521780561925386
        ],
        [
          0.024485332891345024,
          0.9993954300880432,
          0.024683387950062752,
          -0.11974826306906697
        ],
        [
          -0.1171153262257576,
          -0.021653179079294205,
          0.9928821921348572,
          -0.7352407878970215
        ],
        [
          0.0,
          0.0,
          0.0,
          1.0
        ]
      ],
      "fx": 443.4050067376326,
      "fy": 443.4050067376326,
      "cx": 256.0,
      "cy": 256.0,
      "h": 512,
      "w": 512
    },
    {
      "frame_idx": 54,
      "w2c": [
        [
          0.993208110332489,
          -0.027543267235159874,
          0.11304421722888947,
          -0.15161068243045178
        ],
        [
          0.024915345013141632,
          0.9993870258331299,
          0.024594411253929138,
          -0.12253127279388226
        ],
        [
          -0.1136523187160492,
          -0.021610833704471588,
          0.9932854771614075,
          -0.7463891540594387
        ],
        [
          0.0,
          0.0,
          0.0,
          1.0
        ]
      ],
      "fx": 443.4050067376326,
      "fy": 443.4050067376326,
      "cx": 256.0,
      "cy": 256.0,
      "h": 512,
      "w": 512
    },
    {
      "frame_idx": 55,
      "w2c": [
        [
          0.9938264489173889,
          -0.026387346908450127,
          0.10776182264089584,
          -0.14702098788784235
        ],
        [
          0.023896880447864532,
          0.9994181394577026,
          0.024337388575077057,
          -0.12539514115272254
        ],
        [
          -0.10834130644798279,
          -0.02161196991801262,
          0.9938787817955017,
          -0.756971473952413
        ],
        [
          0.0,
          0.0,
          0.0,
          1.0
        ]
      ],
      "fx": 443.4050067376326,
      "fy": 443.4050067376326,
      "cx": 256.0,
      "cy": 256.0,
      "h": 512,
      "w": 512
    },
    {
      "frame_idx": 56,
      "w2c": [
        [
          0.9943467378616333,
          -0.02743951976299286,
          0.10257497429847717,
          -0.14164554691144526
        ],
        [
          0.025029094889760017,
